$ANSIBLE_VAULT;1.1;AES256
37626161306462636563666330653835623936643138663530373764386561326136623232623235
6664373539653333373764326533303664313733313932390a363335326231323833393237353762
63323131626535376639323461643236363238386261333036623935336564363232393539316337
3435333765373665350a373463376539386633366664653836616161323431383131376134376564
37323162323062323737643562353938626464643961613836383361383230363462396563373864
31663263363566363832626236343534396133333161356163323035616630613965323935383830
64386536653831646666303935356464316661653764363135633734653037623166303063653765
65616337343932356262623633393161393831663665353734636437643838303935323263613462
34363164346466333661366361383732343630316433353861633939326332363336343737636336
39666534383632303066646130633262643231616632613739323635643038343630363339323766
30353663383235323739653630353832373537343065643436323162313235643466646432616362
38303737633962373431613433323735366536356537313130386432623861626533343063323066
35346265636338373436326231313830633834316331346530653964616665366434356334353465
32376363343837633938653536633935323332633139666138366638623131643039353461313233
61636330356330653534663933343065343034653739356432373336343830323734393632356335
65623532336462343437666465613236333132656330303463323761366136306633356536666136
37613863383662383037316235333739376533393532333564353362353365646333633339353335
35343335656639343033376364333864313966336265303034393636373165636564623537653239
35613566303364376331653234633664623339316633333639383265333339646536393931303134
31356462653031323331383766383863376462633666333332393231316662643338666336616235
38363733653734363962373762653730633366663239396463313339656664333039366537303665
64626434623132336265306131353034656339333464313936613462663038386130343735333337
34376231626632616132633861646562616634396435653136383362313137353235386166613664
66646537326431363336616265623032313736336133303139633564343133633464663432646637
32383765333366336235623761626638613439383735393930336234356334333833323566623730
64326133346566646337343238353964363434313632346438363865373562643136336564666338
32323739663538383964623236303732656565626635373862326633363230643765653630613964
30646438303233653562636466663233333839663836343335343839666232386266656339393137
37633865323264663564653963393736633565646561373833356331653363373431303164373836
61323064353561346138313031353762376633336335306465313333646434616632663230663934
65636235336136323431356132303334346236383633326537323561333338633765366662383064
32633466326162346136386661663731643663393435303138363937636362316261383965313432
34326463346335356431653637356637356635626430363763613763303865613637373264333333
39663934363238613962343538633366656461363531353961313230613763373731313433363533
38363433336634633932366130356632623435353132356433343963643934363130663631323661
31656633346266396630626131633939326463343166366666333836636365373865373565643361
61353639313438383335343065356331313465633361376338616435356564616263343063366331
37373061323934343531343733373966373165326235316537393132313137343737646163393234
35653637383134623835633738336362643064366237656261363964643866306437343130636561
65613562643934656531323939613432623135613034623837626235306662353434613631363166
62613133643862356434313964636237326138363962336332303639616366313833643131643532
30323863656234656333666433366431663265303034333431383137373364653233333462336338
36383732363231636563373731613533623831646261313434616661303563303237393731323165
65663636323065646430376562323564366666653138323432323066316336656465656539373466
63366136383863376439306364373763613166653836646135663463363631323062363733653039
65346336313139613766383632323264313364656466313964663965316334363036333561333939
65313563613231373939663834303433613939343731353931346665383331633864613636636139
39316436343133386434386135313836623364306132653530623936373565303138623436613564
32643463643432383365663837666133353533386639643864383834386138646464373436663436
39363332386539663738376264373438613131356632633730633530376238626361633764663333
38326465373465646239663065313463363939376563663433663230633930393735373735666339
33613533633137363637343632316335653161313039636430356138356535303531656264643565
66646462393461623161323830343663643235363833626362366461383262313466336661646465
33353030303238663361623239646435323032366138343231323435663461383631643534353233
65653139663666643032336262663662363238346533663135663431393463653263333565333663
35396438633830323931326663323635623662326230346163613131643234346161633462343637
66303930663239356237353932373363666261343663303234343463636539383634653036376639
61643331666536353936633432633734393434616335346235336262643662666563663163363265
38613535303236346131663530306434316135643064663466356434316133383035643463663837
35643463323739373237646464393834303264303530653963313333333139343765323266336637
35386564666334616664323038393430396630393838643830663732333962383132633466653233
64613030353736633038396238316237653738323962303962373632303666346663643063353339
36663865343165383332333531386661376164633262633030343438613032346531613066306333
36353833366233353366316565346539333137623563663362333331613262656565383765643033
32646261336162393966343039336531356630383933643237666565616361303839353137396139
35653231343533316435626465643564383263313738663464666536363766393466376131373461
64356565633236623234633636343762626261666531336261373037636463363161376364336435
36386363663238643866623136316236306665666232326266346165346238366161353130633761
38663266633734383631666130373861356130363531643537366136323037323563343538656665
65303863346434396439333032363132303364353566353334653932316333666132626666396137
63636335353334646663396434633536633164366364316134643534306337633130633337636631
63353034323930316630646539313032663237313130636138613236613437333162613034323765
34303530366265623166343065353934353037643864643832306432653031343532613739653862
64663436383834616662353761303330306332643530663431626230613265393331633939626537
62343462316564303330623864643639653763383666323134353232346336353938626434643062
36383434353630623436343430306633663930663735643762323666626136613062303633336235
62353635376338336566303133386634323030666235356262393537613863353838643232393832
37343262386437303937386433663263326133623834646231333931396637316234346134303334
34633233303433633365653963626365363833646166363938643266623939313439656466613233
35356633376262656564383139306339343038623732363738393636323565646635656130373433
62363633346132316139663639363061353462633539643835343333306532613937326635393431
63396362393930386530386663303334666636626536303938326166666562636130306462663162
35643066666434616131373361303830623731643663353238353362343762663735613732636566
63663265663061333966633336633463336562633835303632383461356531656533316332353536
30336364623333353463303537343333373164363663386161343964373866353235346163306264
66656134303262383564636435343530393134633039633862376430313331393962316362383338
39666362383831386237346331653134633036376165663433303737643930633162323634666236
31383038343436653530306233396263623733633664636431653032303731323033396462623932
66613837343364326661383133323137333561366264343762363537326536313964373366623631
66383363643566383465343862643139613366326265376566643637653932656235633032383861
64303862653538343331643561663831393437326463656239373965623034623931383735663738
62383163303062633666373731613939326332646435356430613330353666613664393465326136
61376266656230636263303338396462333738613333386435666563646134346264373434353965
61356461396564386364346663326361373161626462363939353365343964396430353439383865
64306462326231373836616130666535393864313237373432343666386630316365623634343033
65303730306233333763
